P0: 0 0 0 0 0 0 0 0 0 0 0 0
P1: 0 0 0 0 0 0 0 0 0 0 0 0
P2: 1895.0136 0.0000 734.5304 0.0000 0.0000 1888.1559 510.8486 0.0000 0.0000 0.0000 1.0000 0.0000
P3: 0 0 0 0 0 0 0 0 0 0 0 0
R0_rect: 1.000000 0.000000 0.000000 0.000000 1.000000 0.000000 0.000000 0.000000 1.000000
Tr_velo_to_cam: 0.05673 -0.99837 0.00627 -0.18829 0.01552 -0.00539 -0.99987 0.12501 0.99827 0.05682 0.01519 0.17587
Tr_imu_to_velo: 1 0 0 0 0 1 0 0 0 0 1 0
